0.000000000000000000e+00
7.288629737609329329e-04
1.020408163265306041e-02
1.020408163265306041e-02
1.603498542274052474e-02
1.603498542274052474e-02
2.405247813411078711e-02
2.405247813411078711e-02
2.551020408163265363e-02
2.551020408163265363e-02
2.988338192419824971e-02
2.988338192419824971e-02
3.425655976676384579e-02
3.425655976676384579e-02
6.195335276967930266e-02
6.195335276967930266e-02
6.341107871720116917e-02
6.341107871720116917e-02
6.851311953352769157e-02
6.851311953352769157e-02
7.142857142857142461e-02
7.142857142857142461e-02
8.673469387755101956e-02
8.673469387755101956e-02
9.256559766763848562e-02
9.256559766763848562e-02
9.329446064139941541e-02
9.329446064139941541e-02
9.766763848396500802e-02
9.766763848396500802e-02
1.100583090379008699e-01
1.100583090379008699e-01
1.137026239067055328e-01
1.137026239067055328e-01
1.180758017492711393e-01
1.180758017492711393e-01
1.202623906705539425e-01
1.202623906705539425e-01
1.217201166180758021e-01
1.217201166180758021e-01
1.224489795918367319e-01
1.224489795918367319e-01
1.260932944606414086e-01
1.260932944606414086e-01
1.290087463556851277e-01
1.290087463556851277e-01
1.311953352769679171e-01
1.311953352769679171e-01
1.370262390670553831e-01
1.370262390670553831e-01
1.392128279883382003e-01
1.392128279883382003e-01
1.523323615160349920e-01
1.523323615160349920e-01
1.654518950437317837e-01
1.654518950437317837e-01
1.690962099125364326e-01
1.690962099125364326e-01
1.712827988338192498e-01
1.712827988338192498e-01
1.749271137026238987e-01
1.749271137026238987e-01
1.873177842565597606e-01
1.873177842565597606e-01
1.902332361516035075e-01
1.902332361516035075e-01
1.924198250728862969e-01
1.924198250728862969e-01
1.931486880466472267e-01
1.931486880466472267e-01
1.967930029154519034e-01
1.967930029154519034e-01
2.004373177842565523e-01
2.004373177842565523e-01
2.135568513119533440e-01
2.135568513119533440e-01
2.172011661807580207e-01
2.172011661807580207e-01
2.288629737609329529e-01
2.288629737609329529e-01
2.616618075801749321e-01
2.616618075801749321e-01
2.623906705539358342e-01
2.623906705539358342e-01
2.733236151603498643e-01
2.733236151603498643e-01
2.893586005830903751e-01
2.893586005830903751e-01
2.922740524781340943e-01
2.922740524781340943e-01
2.937317784256559539e-01
2.937317784256559539e-01
2.944606413994169114e-01
2.944606413994169114e-01
3.090379008746355627e-01
3.090379008746355627e-01
3.097667638483965202e-01
3.097667638483965202e-01
3.104956268221574223e-01
3.104956268221574223e-01
3.301749271137026098e-01
3.301749271137026098e-01
3.491253644314868954e-01
3.491253644314868954e-01
3.629737609329445891e-01
3.629737609329445891e-01
3.688046647230320829e-01
3.688046647230320829e-01
3.862973760932944534e-01
3.862973760932944534e-01
3.972303206997084279e-01
3.972303206997084279e-01
4.001457725947522026e-01
4.001457725947522026e-01
4.045189504373177813e-01
4.045189504373177813e-01
4.096209912536443176e-01
4.096209912536443176e-01
4.139941690962098964e-01
4.139941690962098964e-01
4.220116618075801518e-01
4.220116618075801518e-01
4.234693877551020669e-01
4.234693877551020669e-01
4.387755102040816202e-01
4.387755102040816202e-01
4.402332361516034798e-01
4.402332361516034798e-01
4.446064139941691140e-01
4.446064139941691140e-01
4.460641399416909736e-01
4.460641399416909736e-01
4.489795918367346927e-01
4.489795918367346927e-01
4.540816326530612290e-01
4.540816326530612290e-01
4.635568513119533440e-01
4.635568513119533440e-01
4.715743440233235995e-01
4.715743440233235995e-01
4.730320699708454590e-01
4.730320699708454590e-01
4.795918367346938549e-01
4.795918367346938549e-01
4.934402332361516041e-01
4.934402332361516041e-01
4.941690962099125617e-01
4.941690962099125617e-01
5.065597667638483959e-01
5.065597667638483959e-01
5.072886297376093534e-01
5.072886297376093534e-01
5.080174927113703109e-01
5.080174927113703109e-01
5.087463556851311575e-01
5.087463556851311575e-01
5.145772594752187068e-01
5.145772594752187068e-01
5.240524781341108218e-01
5.240524781341108218e-01
5.284256559766763450e-01
5.284256559766763450e-01
5.473760932944606861e-01
5.473760932944606861e-01
6.027696793002915721e-01
6.027696793002915721e-01
6.151603498542274062e-01
6.151603498542274062e-01
6.275510204081632404e-01
6.275510204081632404e-01
6.304664723032069595e-01
6.304664723032069595e-01
6.362973760932945089e-01
6.362973760932945089e-01
6.413994169096209896e-01
6.413994169096209896e-01
6.443148688046647088e-01
6.443148688046647088e-01
6.501457725947521471e-01
6.501457725947521471e-01
6.632653061224489388e-01
6.632653061224489388e-01
6.705539358600582922e-01
6.705539358600582922e-01
6.749271137026239265e-01
6.749271137026239265e-01
6.807580174927113648e-01
6.807580174927113648e-01
6.836734693877550839e-01
6.836734693877550839e-01
7.667638483965014684e-01
7.667638483965014684e-01
7.689504373177842300e-01
7.689504373177842300e-01
7.718658892128279492e-01
7.718658892128279492e-01
7.835276967930029368e-01
7.835276967930029368e-01
7.886297376093294176e-01
7.886297376093294176e-01
7.966472303206997285e-01
7.966472303206997285e-01
8.032069970845481244e-01
8.032069970845481244e-01
8.039358600583090819e-01
8.039358600583090819e-01
8.119533527696792818e-01
8.119533527696792818e-01
8.170553935860058736e-01
8.170553935860058736e-01
8.228862973760933119e-01
8.228862973760933119e-01
8.425655976676384995e-01
8.425655976676384995e-01
8.498542274052478529e-01
8.498542274052478529e-01
8.892128279883382280e-01
8.892128279883382280e-01
9.147230320699708539e-01
9.147230320699708539e-01
9.220116618075802073e-01
9.220116618075802073e-01
9.285714285714286031e-01
9.285714285714286031e-01
9.300291545189504072e-01
9.300291545189504072e-01
9.409620991253644373e-01
9.409620991253644373e-01
9.438775510204081565e-01
9.438775510204081565e-01
9.577259475218659057e-01
9.577259475218659057e-01
9.723032069970845015e-01
9.723032069970845015e-01
9.919825072886296891e-01
9.919825072886296891e-01
1.000000000000000000e+00
