0.000000000000000000e+00
8.064516129032257841e-03
1.612903225806451568e-02
1.612903225806451568e-02
4.032258064516128920e-02
4.032258064516128920e-02
4.838709677419354704e-02
6.451612903225806273e-02
8.064516129032257841e-02
8.064516129032257841e-02
1.693548387096774077e-01
1.693548387096774077e-01
1.774193548387096864e-01
1.774193548387096864e-01
2.177419354838709686e-01
2.177419354838709686e-01
2.258064516129032195e-01
2.258064516129032195e-01
3.225806451612903136e-01
3.225806451612903136e-01
3.629032258064516236e-01
3.629032258064516236e-01
4.677419354838709409e-01
4.677419354838709409e-01
5.887096774193548709e-01
5.887096774193548709e-01
6.612903225806451291e-01
6.612903225806451291e-01
7.822580645161290036e-01
7.822580645161290036e-01
8.387096774193548709e-01
8.387096774193548709e-01
9.596774193548387455e-01
9.596774193548387455e-01
1.000000000000000000e+00
