0.000000000000000000e+00
1.461988304093567170e-03
4.385964912280701511e-03
4.385964912280701511e-03
7.309941520467835852e-03
7.309941520467835852e-03
1.023391812865497019e-02
1.023391812865497019e-02
1.754385964912280604e-02
1.754385964912280604e-02
2.923976608187134341e-02
2.923976608187134341e-02
3.216374269005847775e-02
3.216374269005847775e-02
3.216374269005847775e-02
3.654970760233917926e-02
3.654970760233917926e-02
4.532163742690058228e-02
4.824561403508771662e-02
5.994152046783625398e-02
6.286549707602338832e-02
7.163742690058479134e-02
7.163742690058479134e-02
7.456140350877192569e-02
7.748538011695906003e-02
8.040935672514619437e-02
8.333333333333332871e-02
8.771929824561403022e-02
9.064327485380116456e-02
1.008771929824561348e-01
1.038011695906432691e-01
1.315789473684210453e-01
1.345029239766081797e-01
1.359649122807017607e-01
1.359649122807017607e-01
1.418128654970760294e-01
1.418128654970760294e-01
1.447368421052631637e-01
1.491228070175438514e-01
1.520467836257309857e-01
1.535087719298245668e-01
1.535087719298245668e-01
1.549707602339181201e-01
1.549707602339181201e-01
1.578947368421052544e-01
1.608187134502923887e-01
1.988304093567251352e-01
1.988304093567251352e-01
2.002923976608187162e-01
2.002923976608187162e-01
2.017543859649122695e-01
2.046783625730994038e-01
2.061403508771929849e-01
2.061403508771929849e-01
2.076023391812865382e-01
2.076023391812865382e-01
2.309941520467836129e-01
2.339181286549707472e-01
2.353801169590643283e-01
2.353801169590643283e-01
2.923976608187134341e-01
2.923976608187134341e-01
2.982456140350877027e-01
3.040935672514619714e-01
3.070175438596491335e-01
3.070175438596491335e-01
3.157894736842105088e-01
3.157894736842105088e-01
3.201754385964912242e-01
3.201754385964912242e-01
3.333333333333333148e-01
3.362573099415204769e-01
3.552631578947368363e-01
3.552631578947368363e-01
3.698830409356725357e-01
3.757309941520468044e-01
3.815789473684210731e-01
3.815789473684210731e-01
3.845029239766081797e-01
3.903508771929824483e-01
3.932748538011696104e-01
4.049707602339181478e-01
4.049707602339181478e-01
4.108187134502924165e-01
4.137426900584795231e-01
4.385964912280701511e-01
4.385964912280701511e-01
4.517543859649122973e-01
4.546783625730994038e-01
4.619883040935672258e-01
4.649122807017543879e-01
4.692982456140351033e-01
4.722222222222222099e-01
4.780701754385964786e-01
4.780701754385964786e-01
4.824561403508771940e-01
4.824561403508771940e-01
4.883040935672514626e-01
4.883040935672514626e-01
5.116959064327485374e-01
5.116959064327485374e-01
5.146198830409356439e-01
5.336257309941520033e-01
5.336257309941520033e-01
5.365497076023392209e-01
5.380116959064327187e-01
5.380116959064327187e-01
5.409356725146199363e-01
5.438596491228070429e-01
5.453216374269005406e-01
5.482456140350877583e-01
5.672514619883041176e-01
5.701754385964912242e-01
5.730994152046783308e-01
5.760233918128655484e-01
6.023391812865497297e-01
6.023391812865497297e-01
6.052631578947368363e-01
6.081871345029239428e-01
6.169590643274853736e-01
6.198830409356724802e-01
6.286549707602339110e-01
6.286549707602339110e-01
6.301169590643275198e-01
6.301169590643275198e-01
6.461988304093567725e-01
6.491228070175438791e-01
6.578947368421053099e-01
6.578947368421053099e-01
6.725146198830409539e-01
6.754385964912280604e-01
7.032163742690058506e-01
7.090643274853800637e-01
7.163742690058479967e-01
7.192982456140351033e-01
7.251461988304093165e-01
7.251461988304093165e-01
7.324561403508771384e-01
7.353801169590643561e-01
7.441520467836256758e-01
7.441520467836256758e-01
7.953216374269005406e-01
7.953216374269005406e-01
7.982456140350877583e-01
8.055555555555555802e-01
8.055555555555555802e-01
8.230994152046783308e-01
8.260233918128655484e-01
8.362573099415204769e-01
8.391812865497075835e-01
8.391812865497075835e-01
8.538011695906432275e-01
8.567251461988304451e-01
8.611111111111111605e-01
8.611111111111111605e-01
8.640350877192982670e-01
8.669590643274853736e-01
8.669590643274853736e-01
8.698830409356724802e-01
8.801169590643275198e-01
8.801169590643275198e-01
8.888888888888888395e-01
8.918128654970760572e-01
8.932748538011695549e-01
8.991228070175438791e-01
9.166666666666666297e-01
9.166666666666666297e-01
9.195906432748538473e-01
9.210526315789473450e-01
9.269005847953216692e-01
9.371345029239765978e-01
9.371345029239765978e-01
9.400584795321637044e-01
9.415204678362573132e-01
9.415204678362573132e-01
9.517543859649122417e-01
9.546783625730994594e-01
9.605263157894736725e-01
9.634502923976607791e-01
9.868421052631578538e-01
9.897660818713450714e-01
9.926900584795321780e-01
9.926900584795321780e-01
1.000000000000000000e+00
